"","0-9","10-19","20-29","30-39","40-49","50-59","60-69","70-"
"0-9",0,0.000749180755665717,0.00282324033691369,0.00191691787905735,0.00177930795169923,0.00120904981153786,0.000156324669505229,0
"10-19",0.000749180755665717,0.000822790006435131,0.00225858649490167,0.00208986795564644,0.00183681543797276,0.00182641379418209,0.000514911725996476,0
"20-29",0.00282324033691369,0.00225858649490167,0.0156774734134495,0.0108578916023636,0.00751453911152083,0.0061340150668869,0.00156468463609087,0
"30-39",0.00191691787905735,0.00208986795564644,0.0108578916023636,0.0124116138137001,0.00975699861111065,0.00738111453830851,0.00183322174723358,0
"40-49",0.00177930795169923,0.00183681543797276,0.00751453911152083,0.00975699861111065,0.0100941996369547,0.00838120637904388,0.0018428687689234,0
"50-59",0.00120904981153786,0.00182641379418209,0.0061340150668869,0.00738111453830851,0.00838120637904388,0.00777810373318443,0.00218774672817169,0
"60-69",0.000156324669505229,0.000514911725996476,0.00156468463609087,0.00183322174723358,0.0018428687689234,0.00218774672817169,0.000552941084851828,0
"70-",0,0,0,0,0,0,0,0
