"","0-9","10-19","20-29","30-39","40-49","50-59","60-69","70-"
"0-9",0,0.00190814685779523,0.000884715473130506,0.00172996306284562,0.00114250039088338,0.000676238550635353,0.00187501485050384,0.00125960146645645
"10-19",0.00190814685779523,0.00561660719228448,0.00253506051338478,0.00170922374614878,0.00213994114328673,0.00156836241193233,0.000909113713945435,0.00205802542282905
"20-29",0.000884715473130506,0.00253506051338478,0.0133978385050186,0.00533218408757642,0.00360528457553466,0.00372376245061336,0.00277807672828757,0.00247131201018981
"30-39",0.00172996306284562,0.00170922374614878,0.00533218408757642,0.0075725159286686,0.00456109654450923,0.00368401662573833,0.00443400207654595,0.00291992198431913
"40-49",0.00114250039088338,0.00213994114328673,0.00360528457553466,0.00456109654450923,0.00557180135608202,0.00395437259609414,0.00406713717071803,0.00396864674146499
"50-59",0.000676238550635353,0.00156836241193233,0.00372376245061336,0.00368401662573833,0.00395437259609414,0.00552746581423022,0.00552257940736605,0.00490528048953178
"60-69",0.00187501485050384,0.000909113713945435,0.00277807672828757,0.00443400207654595,0.00406713717071803,0.00552257940736605,0.00683877992842225,0.00671428681719316
"70-",0.00125960146645645,0.00205802542282905,0.00247131201018981,0.00291992198431913,0.00396864674146499,0.00490528048953178,0.00671428681719316,0.00910955657806323
