"","0-9","10-19","20-29","30-39","40-49","50-59","60-69","70-"
"0-9",0.0132231973717731,0.000113026871639854,0.000300190642645091,0.000583917070248049,0.000823281231438443,0.000380792446371564,0.000268970470354169,0
"10-19",0.000113026871639854,0.00344375454528052,0.00120381715932815,0.000996307148259527,0.00104172919534834,0.000751266298991582,0.00019342174553918,0
"20-29",0.000300190642645091,0.00120381715932815,0.00255002054727629,0.000441636874141025,0.000382026301749435,0.000202457432243313,5.71318283779079e-05,0
"30-39",0.000583917070248049,0.000996307148259527,0.000441636874141025,0.000716431917513587,0.000568107844762402,0.000208315678886639,6.11603630965499e-05,0
"40-49",0.000823281231438443,0.00104172919534834,0.000382026301749435,0.000568107844762402,0.000760110532885926,0.000277980270061158,6.24035895796458e-05,0
"50-59",0.000380792446371564,0.000751266298991582,0.000202457432243313,0.000208315678886639,0.000277980270061158,0.000174187555008234,4.37882956386959e-05,0
"60-69",0.000268970470354169,0.00019342174553918,5.71318283779079e-05,6.11603630965499e-05,6.24035895796458e-05,4.37882956386959e-05,1.28381438856889e-05,0
"70-",0,0,0,0,0,0,0,0
