"","0-9","10-19","20-29","30-39","40-49","50-59","60-69","70-"
"0-9",0.00626236029801238,0.0077755032531005,0.00407239729252973,0.0183270545389244,0.014362274557344,0.00249912766148332,0.00337902044987082,0.00135546704249126
"10-19",0.0077755032531005,0.0119578899984681,0.00313161767528088,0.00367615172749542,0.0213440731695459,0.0139425693186292,0.00172474077680278,0.00263903111993403
"20-29",0.00407239729252973,0.00313161767528088,0.025289794957948,0.00485426203821678,0.00331232968516506,0.00875862942271957,0.0026156845456591,0.00172706615619054
"30-39",0.0183270545389244,0.00367615172749542,0.00485426203821678,0.0199762444142958,0.00569567805587362,0.00189452650275101,0.00303616718724823,0.00144649679905954
"40-49",0.014362274557344,0.0213440731695459,0.00331232968516506,0.00569567805587362,0.0192337103479491,0.00544245042934555,0.00212140472730829,0.00248739583316558
"50-59",0.00249912766148332,0.0139425693186292,0.00875862942271957,0.00189452650275101,0.00544245042934555,0.0165471448475623,0.00512296134338641,0.00304588229459374
"60-69",0.00337902044987082,0.00172474077680278,0.0026156845456591,0.00303616718724823,0.00212140472730829,0.00512296134338641,0.0136767838525387,0.00512489784227076
"70-",0.00135546704249126,0.00263903111993403,0.00172706615619054,0.00144649679905954,0.00248739583316558,0.00304588229459374,0.00512489784227076,0.0145526260253269
